%YAML:1.0
---
K: !!opencv-matrix
   rows: 3
   cols: 3
   dt: d
   data: [ 8.1688020643629625e+02, 0., 3.2417735363302177e+02, 0.,
       8.1785504304264703e+02, 2.3567553083782818e+02, 0., 0., 1. ]
D: !!opencv-matrix
   rows: 1
   cols: 5
   dt: d
   data: [ 3.4216542819012333e-05, -5.7494598377803940e-01,
       -8.1276816770445119e-04, -2.4379043109758170e-03,
       3.6940923455005152e+00 ]
